24.180147171020508
24.012969970703125
23.768892288208008
23.595027923583984
23.407791137695312
23.063405990600586
23.765548706054688
23.491378784179688
22.73908233642578
21.9031982421875
23.00656509399414
23.23058319091797
22.899572372436523
23.23727035522461
22.678897857666016
22.97647476196289
23.026626586914062
22.792579650878906
23.170398712158203
23.187116622924805
22.886198043823242
22.959754943847656
22.16399383544922
23.574966430664062
22.281017303466797
23.070093154907227
22.85944938659668
22.98650360107422
23.317514419555664
22.5719051361084
22.785892486572266
21.822952270507812
22.779205322265625
22.5719051361084
22.979816436767578
23.414478302001953
