1.00138232421875
1.001377685546875
1.00141455078125
1.00137109375
1.00137451171875
1.001378662109375
1.0014140625
1.00141455078125
1.001440673828125
1.001470458984375
1.00147998046875
1.001487060546875
1.00218994140625
1.00236669921875
1.00233056640625
1.002218505859375
1.002262451171875
1.00243798828125
1.002343505859375
1.002375
1.002330810546875
1.002272705078125
1.002254150390625
1.002284423828125
1.00236474609375
1.002372802734375
1.002388671875
1.002430908203125
1.002435302734375
1.00237548828125
1.002387939453125
1.002413818359375
1.00236083984375
1.00245751953125
1.00246875
1.00257373046875
