29.348825454711914
29.38473129272461
29.366779327392578
29.366779327392578
29.366779327392578
29.348825454711914
29.241107940673828
29.31291961669922
29.294965744018555
29.420637130737305
29.348825454711914
29.31291961669922
29.025671005249023
29.07952880859375
29.00771713256836
29.025671005249023
28.864093780517578
28.88204574584961
28.81023406982422
28.774328231811523
28.88204574584961
28.93590545654297
28.88204574584961
29.00771713256836
29.18724822998047
29.15134048461914
29.097482681274414
29.00771713256836
29.043624877929688
29.043624877929688
29.043624877929688
29.025671005249023
29.169296264648438
29.00771713256836
28.989765167236328
29.15134048461914
